X	Y
1	1097.000000
2	1990.000000
3	2729.000000
4	3816.000000
5	3460.000000
6	5581.000000
7	5117.000000
8	6309.000000
9	5727.000000
10	9110.000000
11	9835.000000
12	8330.000000
13	12958.000000
14	12930.000000
15	14538.000000
16	10849.000000
17	15517.000000
18	18152.000000
19	17973.000000
20	20447.000000
21	29628.000000
22	18907.000000
23	14931.000000
24	29703.000000
25	28004.000000
26	27955.000000
27	29260.000000
28	16752.000000
29	47419.000000
30	34569.000000
31	34625.000000
32	37095.000000
33	44484.000000
34	12297.000000
35	34860.000000
36	26261.000000
37	36435.000000
38	43573.000000
39	47681.000000
40	61196.000000
41	48528.000000
42	30842.000000
43	50862.000000
44	51594.000000
45	52126.000000
46	39737.000000
47	54155.000000
48	56114.000000
49	50334.000000
50	21471.000000
71537.820000 avg time
