X	Y
1	4753.000000
2	5577.000000
3	6883.000000
4	8377.000000
5	9552.000000
6	11319.000000
7	12601.000000
8	14395.000000
9	17155.000000
10	8006851.000000
11	7870764.000000
12	21925.000000
13	7774845.000000
14	26867.000000
15	7756396.000000
16	3901604.000000
17	7897794.000000
18	25944930.000000
19	7413592.000000
20	12943979.000000
21	8929683.000000
22	16786837.000000
23	5028796.000000
24	8906094.000000
25	7895851.000000
26	8883227.000000
27	7871955.000000
28	8896655.000000
29	7888512.000000
30	8830874.000000
31	7893062.000000
32	8884505.000000
33	8936992.000000
34	7926440.000000
35	8894444.000000
36	7923309.000000
37	7932316.000000
38	7891611.000000
39	8938322.000000
40	7946226.000000
41	7909863.000000
42	7947437.000000
43	7943773.000000
44	7899533.000000
45	7931419.000000
46	8140125.000000
47	8944225.000000
48	7950296.000000
49	7942540.000000
50	7949031.000000
51	7952328.000000
